whole.body	background	ASE	Serotonergic	Dopaminergic	Glutamatergic	Ciliated.sensory	GABAergic	mechanosensory	unc.86.expressing	pharyngeal	cholinergic	ceh.14.expressing	unc.42.expressing	unc.3.expressing	Pan
lin-4	306.311207839944	0.346208631730411	0.841349617383776	0.194007663772463	3.03105729803749	23.7340261418356	30.8587625203685	1.84953530542225	4.66635423696562	7.13616006939192	0.448603541586042	23.0209490560453	5.8972774415037	3.40435034582794	1.58056843376444	56.0322999885848
lsy-6	1779.29307900431	1.35036635824605	47.0708409529454	0.343916119126026	1.32999857514683	38.7415809928568	52.4431843971027	1.40259460683344	1.49522362407715	1.21396409587574	0.651231112355748	0.830509946747392	0.986714733593045	0.79782319554598	0.723460416439166	75.98924667896
mir-1	581931.559060066	448.612081010117	182.870303104056	139.959297937206	418.984835183213	3203.93009243224	542.978316670823	1284.8188736817	451.19351183397	300.671964115109	223.000889827213	6856.13333779691	352.95292989067	394.378504926887	180.186026671302	2096.24909097835
mir-1019	402.591460437624	1.34963628271491	0.706964261508945	0.616848168556033	0.104022538876287	0.821464768224625	1.02230465224353	0.893403479350249	0.360838822578969	0.458888645614034	0.0878962825695569	0.344652593605329	0.371908821098417	0.282885690331996	0.323223598274385	0.840701798378102
mir-1020	1401.06268040935	1.93995163260369	1.00644967768839	1.16428321629346	12.9582509262619	73.4346078536352	2.47516455121219	30.0265790855803	2.15520512729207	0.800011573718625	2.48152325671759	74.0581235533562	6.01403557972364	0.585737157622238	6.66301238600648	132.455781012214
mir-1022	3076.46335185726	3.04531679592174	4.80342928558552	1.83855825772065	3.66903101353415	49.9070571570156	83.5786440641794	2.88737525806263	2.26979013256938	1.58389626113667	1.06208317651732	5.49059814143476	3.13917848553499	1.05109094452107	1.85868946397123	130.261927901005
mir-124	176056.536009311	112.848938617915	481.372710667616	47.2656749503792	159.389225410297	2217.36489639154	2588.66156018099	414.73930043706	299.162206451247	1032.93626822203	70.1743482432911	2029.47483783755	1841.19814960424	434.86204000987	325.773480814586	11583.9840787499
mir-1818	1502.02137110025	39.8451102765169	106.106075050652	101.8257859529	95.7468316555903	77.7244720666207	126.160315972473	53.0380111786104	55.0647372575377	40.6837499133781	57.818805780636	97.71721369725	87.2339601076675	54.3208950122959	34.4072530735459	115.512672449329
mir-1820	8841.59483513644	115.818765573379	153.360367083037	109.413284818018	201.223176102723	127.278976148059	121.506036923896	128.346089301504	92.6633525413467	62.268766394953	129.240100791117	169.189572230392	116.504255053409	72.3722932616416	48.7992070717828	109.854334786549
mir-1821	1757.35148992928	1.65103333109665	162.189266356361	6.54485786635494	2.27434797510936	426.242123171697	798.302838638463	1.77396242057223	1.24220784347331	4.20139894210419	1.35922132809114	104.727222288559	61.6752211985486	2.49684113737994	23.4516423082338	859.825789992875
mir-1822	2715.94798166731	8.61933127857648	8.17220811835486	5.30403586162654	9.93592718241544	12.3175177007022	5.42430326020837	7.12357935905061	6.16489436317236	4.88220677601436	6.43202090399233	10.1044438426538	4.14069711951182	3.77700439730216	3.94515039873683	6.69734998211095
mir-1823	526.079264704255	4.59477122369315	2.23073732278288	3.16899269185917	3.15627568116096	2.32208231628603	2.09076145315402	2.12801944812693	2.24699021262847	1.83089815988391	3.956761844644	3.99108217945853	1.92340327850666	2.18201794192377	0.66166350662833	2.90987992102331
mir-1824	1074.70501790515	6.04478268049427	4.7541421326451	4.61644669398682	4.92265990324783	37.2785804616996	77.1653422238582	3.82733999582879	2.46068209166037	2.1019892621068	2.45923283923306	6.39474054910787	6.97672620924347	3.8945848791641	2.6000724085719	112.866190139257
mir-1829a	631.442716796012	0.511616565214985	0.25131387459237	0.118033064975124	0.233712151333317	0.122631101175785	0.805913805563847	1.30854416205654	0.386972242334812	0.345136685057004	0.0841296777297016	0.421855748570461	0.314894457457744	0.259071698563358	0.245131410192307	1.03467257124223
mir-1829b	4551.03621430695	2.15647662627409	1.3689797175056	1.05700475021868	6.11600673271114	23.1898050158231	5.32941211118581	16.4142729977085	3.72909218192877	3.05982082398454	2.11538724316823	89.0498316395009	4.53956783226548	1.24061334824155	6.10216880982604	81.0151953004357
mir-1829c	1487.4780997177	1.15969546875273	0.615322008168887	0.192410938580682	3.61592786661394	11.4250002078049	2.51522860225963	5.1280504501411	1.76422072100045	1.1546006020574	0.813482593478243	32.140788862817	2.1778204125073	0.521237218927226	3.09329442276893	43.2265664872344
mir-2	1072180.44011093	1206.51886693577	774.046177166525	466.372033994498	1537.95352990213	3605.12614233825	1992.67802811122	1965.96353015894	3029.5871233718	2155.5489586901	513.563380004969	4857.04464415137	948.753853090922	750.195684091972	721.588108939666	14997.4908558276
mir-2220	379.511098404683	0.707393616224257	0.597839504183004	0.446389209958521	0.772555347104191	1.03199435710214	0.901543330972778	0.167101186445014	0.992196064991146	0.549074568744715	0.356578913586898	2.75889585251492	0.238518213606618	0.350831114141134	0.570338588046129	9.66048346166995
mir-228	222561.168589645	216.980838635998	103.937507486856	77.3142341355289	171.932698902386	501.030285445573	261.268478230488	201.442032376041	177.369474370895	188.871323999459	91.3501491782255	1101.89854702819	191.406000471938	93.782544822385	135.091001847968	1028.4609959389
mir-229	195474.434849329	275.449367584297	217.689802465824	165.950691688512	339.867832701079	329.229301635532	282.645825794099	312.8152741391	175.054857620946	175.733836225125	164.396298456512	462.644033266318	157.346926867797	137.108813546301	154.528315268168	883.210957180747
mir-230	1642.49517889436	1.44453766976733	1.412939600257	0.466254375556448	0.929710798251585	2.1205232160621	2.23369141210239	2.05883870027876	1.64903641121724	1.28566866092257	0.441463839258062	5.64676115186562	1.03337349971219	0.836015077772337	0.720883248521341	9.4862346840749
mir-231	65989.5341701444	86.9295993465108	49.6666923731694	34.8582987830363	73.6366824817881	126.713014236424	119.959104376483	98.1420639620341	49.9575237465434	39.66793937836	29.4399877681459	182.420916441481	49.6654957941927	28.6990086021485	43.5301049353032	564.357666839562
mir-232	102649.821199615	55.9797501064396	77.7760778490176	15.3911036401385	54.6799559632832	373.657765749383	1175.66140995483	68.8143393041237	56.4681284230116	46.9023710213404	20.9950147326684	77.6883142766541	113.22721780097	31.1807421901305	45.813863151487	1466.72696523121
mir-233	59562.5207893504	49.57800368758	47.0087439924418	18.3477441142051	198.275208709432	835.87502018838	891.153414700023	203.989031050019	90.6444329446897	381.162484404068	51.2591369339128	1239.92188787292	287.49389113098	162.914302330809	59.5114817991002	3411.81034283283
mir-234	24678.8911661596	16.9571477489347	5.916360136626	3.46790692213718	14.1130956565989	136.020337452905	49.5832193433392	26.5649802604074	14.2311987208665	17.0453846547988	6.65850704677009	59.0945346882687	71.1257269651487	9.46831469552624	5.74733610821383	714.413638308976
mir-235	45380.3430117533	28.1915972555943	10.0471918015232	8.42126832119237	30.3128984266775	72.3997353728534	32.0175861013889	48.3571658176108	23.6779786386749	17.5398992195973	9.3418118941632	141.268615032692	19.0539951240551	13.4746989317863	12.3160511922262	187.144974036264
mir-236	311097.901999092	264.288813665502	93.3562383249179	68.7630850819055	522.320044702356	3007.72483948892	461.13769072695	855.414480313157	252.621229338486	175.534757687661	147.916528111279	3616.99489533346	219.354016219102	74.8680321749057	257.578229200302	10111.5031628526
mir-238	124410.172230705	2207.27298375588	1887.75866941142	1233.96753861915	3664.40223073734	11052.2946390781	1227.36683819444	3532.2147973265	609.006109335362	597.49149447721	1302.02919038105	14877.7947613298	1880.25549965506	1024.18298787455	785.32684685832	20927.5273035486
mir-239a	247265.834752563	1297.21476140645	1179.12318907914	1221.56171821906	3192.65136280388	7764.72506026262	1870.01895645578	2785.72038813977	980.325746179151	1633.60323031752	1455.27512916506	14379.4002768685	1736.74087918212	1084.29527103293	1429.49272387837	20435.5820352516
mir-239b	20914.7271411073	32.5272767809454	28.0524351715671	26.1911703570204	142.371031619101	777.607733574175	129.056001704353	185.309181705157	50.1190038815172	133.858523321346	52.2164062531182	1560.76112725058	138.282984170744	34.7916727739072	183.402151133133	1549.65140019757
mir-242	11702.9309752271	7.60879823604265	3.40790059594979	2.49289052679683	6.20572735059606	19.6193022778976	9.95023041213721	13.2987834132465	10.1988068363209	6.39014236706453	3.58140780836238	36.2039316564339	5.7801215811214	4.05329788002619	3.03078430376488	17.3072872612085
mir-243	2942.34613487947	18.0018446666455	12.5174412091545	17.2952011791144	466.87245748257	1123.96082943145	56.823779069833	497.545354375658	71.0192591487619	33.4689407229274	131.007834079378	1424.12791830719	232.74950052658	9.59446278472731	197.28085251322	1855.40967798035
mir-244	161316.425682093	364.527904653673	183.37507649341	128.430980608318	210.028318294395	247.12527015963	184.56784493346	224.013854349635	167.803853675295	120.998046818422	107.467907734458	1353.925026666	192.917644639322	96.4219790810891	132.638612962735	642.560158544235
mir-245	14016.0380969374	11.3745159330708	5.22635195577085	3.86718142021992	8.59873580247738	248.845390567762	27.3296070896775	30.29644667148	7.01070186577241	7.2574314526216	4.1454966354303	609.822287443461	6.19981995047162	57.4925354332341	4.7454052616235	2056.90716844385
mir-246	101.97566821636	0.305160801324131	0.235792757806719	0.0552161869100305	0.12753670964085	0.927057080333907	0.446744040625579	0.0229769102444334	0.0280252032645473	0.118431167055684	0.194745859485272	1.33513377029232	0.331059937696113	0.0346899460618444	0.0457358850470801	1.47436327200837
mir-247	204.276807103909	0.100845851173159	0.0138467207643482	0.0111438120182933	0.0206327947060976	0.108942539720211	0.0171035526758705	0.286049574655141	0.0307586037735591	0.229999236968683	0.0136242938800347	0.0181493612557991	0.0429659422939836	0.110451614406713	0.0583844496104184	0.0293991361455729
mir-248	3053.14373917768	1.40979283757102	1.27357318768352	0.428980723009998	2.87480608808826	22.6794546768221	2.71504235549677	5.98661004377377	1.7229465844273	1.36364220097083	0.841590654230983	26.6097530531317	1.28292134250165	0.691045455681531	1.61284970694441	159.290164266938
mir-249	714.634877193883	3.1353126809257	10.9855432756229	2.31988702675836	4.35503578531529	117.472395919436	72.2761987248158	2.38573796992727	1.25950593385482	1.99191997046796	2.30640363937118	4.91296792487152	29.6680879204814	1.78909784873443	1.7103616925856	160.520655886002
mir-250	23473.0398382176	24.7045930653351	17.7424176445251	16.919344651898	31.4037204461167	98.0912306522318	36.2754439109777	55.2398553823014	33.9844133741718	28.9965846562634	17.3620337440996	485.589879973518	117.244837656873	21.8042494656934	51.1079122816683	917.618424794031
mir-251	10968.0106521967	68.4911589805905	78.7528645509604	79.6772883661017	145.355592822438	118.419480713811	58.3221564340911	82.968270847429	67.0876275794374	61.623151015438	58.2408592527877	429.730700134667	78.7829617647616	61.4647544616504	21.579430400845	185.386177736687
mir-252	25717.0042747205	18.5291658730548	10.4741117830249	5.9882116842012	15.4952484996385	83.3295301052893	18.2506584684525	23.4465334662664	15.6163162489041	16.9714772205468	7.56333188643608	231.185430592744	11.9147882622042	6.62927012388713	11.3921503499355	980.33074275513
mir-253	811.721310003029	2.21282959686925	1.12403815855696	0.566920504514633	0.804717942698544	11.4894559682795	3.54132508761014	1.61596422821764	1.17739611077721	1.27365088848338	2.16581460504971	19.9867626852942	0.937497444508195	0.570502264722503	1.45879689184552	17.7522255749979
mir-254	2488.28478699886	2.01808475544175	31.2303749290337	1.19774487038553	1.80714456323962	253.396215543325	320.129707745714	2.89897002427367	2.19392822604389	8.40664805544092	1.80757178034544	62.0320210373377	1.69319803185115	0.827261682017884	1.64454490898528	486.519219998396
mir-255	20086.4273331151	15.6641858935371	10.538995088194	4.78234479085907	11.5290394992195	7.05270089895187	18.6950717502322	17.9819199502316	14.9729753350767	11.7837793811869	7.12691743226992	11.5450759730414	7.35617605110806	5.80708790020785	6.1879403243777	9.78944551433541
mir-259	23012.0642601353	19.4065898466029	9.40413215905326	6.69313959824815	63.6738153197477	189.057809049675	22.2740905878144	77.9567786200263	17.9686372311332	11.9536111651564	20.907307217193	431.580993873582	33.1066100728032	7.35066384228633	35.1080246428701	797.629191721931
mir-34	31680.3909470392	44.8758604102372	85.0301649706056	22.3218656217815	64.7281227973783	826.967792252037	378.061115713562	90.8735874744756	58.7538805301485	101.108728134456	35.8726062790167	748.774301043018	98.7760178438564	43.0578896125973	30.1612784332891	2199.63137254023
mir-35	107605.575180874	571.293820438186	179.49555647651	206.987795318467	367.344539082517	259.125514268422	243.038593247013	292.94050750701	241.160307975696	228.112273552142	242.582994136468	582.401239815204	200.459728068852	154.466393010636	148.593206474037	622.324948567289
mir-355	9457.86587880115	8.57440821752532	3.34337702358303	2.37644820415677	34.4115701691025	398.726997616373	10.9193711311496	77.771542771852	15.3786902837435	6.37966558507233	12.908571869881	451.351305188259	20.3722664846056	2.63144483526313	11.3592543582248	826.997091117886
mir-356b	1327.5436588676	0.750009774590082	0.523851271694362	0.0643514042233069	0.516433061348333	20.8505340288826	63.1790761452273	1.36157453875756	0.87529734669007	0.814009928870198	0.640281832860594	2.64840351365759	0.437158561393031	0.362555671619057	0.633050827756287	66.7521485922259
mir-36	99346.3307864028	105.32493747263	49.7575173620105	36.9855986907987	80.1076226835199	51.9450951380202	100.76053572238	86.0840035328223	89.262844984842	70.6087722604443	53.262754336873	80.8678588868501	54.3468279543121	42.2726179377209	56.6360644551392	96.7306514652385
mir-360	6519.40980340111	11.3861341782857	17.8298168817463	5.33131884778409	14.9609394700732	23.4139661447698	6.77419761292701	11.0406792716264	10.5576965652762	4.81821218776917	4.869677011394	117.522812528378	6.355627549801	6.31317351033262	3.6255300265191	31.6239376234627
mir-37	53405.6561515175	49.7922968670003	23.3629964852836	21.7983202866427	56.5400872696832	68.7874808898911	65.214461808402	59.9497565620808	53.4200214573251	43.9506945556665	23.7750281730088	263.333620438258	45.6003514669551	28.0704908806724	62.4245768064673	271.371197388213
mir-38	92758.4665701881	744.6781450672	236.504798880266	334.774066371578	488.129335150534	355.572710444062	300.572055102465	371.38630180324	443.113743566129	372.256749361231	308.417778359655	995.947890288554	307.688226998344	195.559353365406	223.578417730778	901.960787660431
mir-39	87972.4219171553	125.277066510301	77.4366167409261	77.7269852400588	109.22493957511	82.4200168312143	128.438763569157	113.077662662362	140.552595687078	116.447210602989	73.7371532323083	124.422375610283	69.0496584320441	53.0510627102451	83.3719632312829	158.01936095123
mir-392	1196.92495495102	1.41702576468814	1.39041278762597	0.442990220111932	5.17764902969807	93.205317888536	7.60100697950944	10.1377877999918	2.0181089888052	18.8548176902651	2.87832391468229	62.4386087754381	28.3423698186494	0.523653792361186	2.0216650788821	237.885198635424
mir-40	65204.1343374536	49.7463771602667	28.6954743924148	19.450359248793	41.2857586408521	40.7877773443935	75.5755347017423	63.8996901727141	43.2374724460928	53.237054272434	22.2666229006008	185.243477814247	33.0959301996687	25.3060892588362	39.9950512786531	166.135113040848
mir-41	50697.5649222309	62.0455895262052	33.2301153150993	46.9149150260815	115.042384859508	94.1590454283201	111.421296621631	102.251264894799	78.9913742878876	87.5120013251376	47.8879162162966	419.126773084008	54.2740574593293	43.5351915790331	35.2972477671222	202.112510398679
mir-42	53288.1026616959	58.084406731505	29.4451756154907	23.6128357179466	85.9653532428323	87.0805048668542	139.752131873781	66.8074744661326	46.7137613285883	55.1456140926297	32.0076079796304	398.576955567888	71.1572151584809	32.9262241761901	32.0905875659718	402.541058566238
mir-43	125775.112107463	68.5500871432165	26.4847309922268	20.5539752534275	89.3401406620154	39.6778867868163	124.459561056518	93.8029088275557	57.1153457927596	65.1629919358947	27.7990567730117	75.2193994495948	40.958915009992	31.2502665019643	31.955423046781	130.232336652808
mir-44	178292.224532596	261.005086920122	123.776110532309	86.0727430360944	178.369420717252	470.578661449615	250.191105249321	312.670634459618	141.85374055072	140.69479895661	97.3955927148368	1294.25712305571	159.202819268439	99.6116005177144	88.0760498674396	986.57531619074
mir-45	178424.442138387	261.087200422347	123.943792499	86.1815858512243	178.393586459019	470.659134185817	250.434392072803	313.052970840007	141.851861316185	140.754053967508	97.4209062513364	1294.45496024491	159.179661641495	99.6660460581409	88.153247585746	986.489641178863
mir-46	115349.082113687	78.4817628405845	34.3209813603293	27.4849004994924	89.2603496731804	487.382366083284	121.555351613098	158.140237994798	81.6751997565419	73.3017235059243	39.2671345376311	551.261902601261	65.1739519295722	47.5270911469127	38.493473375404	595.632016746779
mir-47	42820.7409001582	31.6269748723691	17.0654683187698	13.3914123834013	41.7159200081877	173.53445484854	42.8692253131231	71.7419336545885	30.4050591055789	28.2056515788982	16.4932768214186	307.839385355342	44.8323398806476	21.3170366061013	22.2232900546998	425.662060044769
mir-48	430.10649407582	0.334659488384143	0.100017283351315	0.0119696781082789	0.0252695770475734	0.11448167399323	1.5689225959524	0.226235061210269	0.109735749974521	0.320004055397435	0.172388687883883	1.25874781244013	0.187658705588181	0.086270696141346	0.047149716979624	1.59057441922316
mir-4805	246.710688508746	0.355030247969367	0.076478754926051	0.0733969103916435	0.141447545920677	0.412778349142466	0.190473301877244	0.453844392683491	0.117337880279148	0.201971157994437	0.0810037468437338	0.126073774927965	0.0785882981382005	0.141986698186073	0.194613756679993	0.21323888038754
mir-4807	292.05083456235	0.55196183195414	0.321531968199032	0.471832024012779	0.604053591303104	3.03277274385574	1.7087670945035	1.44277373127414	1.09492703573076	1.99331224272061	0.33425272938859	9.84319938294819	1.24248384701175	0.365812029614845	2.87268145242717	30.349560632053
mir-4808	468.531286075279	0.595203453876369	0.290841617291193	0.154132428507813	0.47002513036444	3.04924414370196	2.60477232620417	0.984396160527288	1.10802489263908	1.52259050321919	0.240466472633298	13.9978133699649	1.25505833629173	0.403198639330039	3.86893746943738	42.0014396372963
mir-4813	2528.06237726729	13.2957979357709	10.0576468808479	6.70647497730168	10.0918177851785	12.4026064769713	8.77373413739559	8.17037202329566	4.43765757463213	4.02831089827185	6.87015552280663	13.8314185655357	7.02588053729119	6.12743912425693	3.47757985925825	19.3114389772834
mir-4816	1848.17586544957	42.2084490346802	36.4428027988542	32.6179009951277	67.9362697815699	60.4163262001623	43.9693673132093	47.9835634145671	21.3283525563093	28.5363450408205	36.1731264120775	87.1086195013318	34.8653788394897	22.3215672129697	20.4763201646023	145.294237370001
mir-49	81706.1846725967	64.6323054561198	25.9584770298083	17.6540198278631	49.3177610532165	77.6145721773627	60.5212463303023	60.0084714687044	56.5787032922272	55.754171889717	22.4232863123921	55.6000644584369	66.9296193169762	25.0478197925073	28.1590928156663	278.339130565648
mir-50	102007.130026726	93.9275264577416	68.5654596884697	38.2847147571689	118.028879173738	295.901058646731	220.033177723592	155.127980975893	259.027229173883	140.081562406537	48.0172972828221	619.10137503098	88.0892784834574	85.5941415857135	158.995051718977	1122.58061575098
mir-51	554474.800735339	832.541032619131	413.437864129044	392.753626909956	921.562205906679	1302.14155833987	1619.06894850762	998.021176981875	611.562812552845	869.542145874415	514.470887649484	2734.32860344988	699.54292489919	424.44574386378	564.165916206716	6224.03765475539
mir-52	4083015.90668083	3754.93996854195	2353.3205567953	1186.47119488575	3892.9884796511	8676.4694100651	10379.2421096362	4609.36669314933	3315.69589600982	5084.64399421484	1538.76323620284	10426.4530315619	3925.27737076402	2200.89132366878	2158.19415523915	29226.9035393697
mir-53	171293.647225702	200.379091119741	146.719551701495	92.1729691010939	254.998100688589	465.950927163966	660.477566835467	235.279143773688	425.341191125624	339.534884892891	120.511070815778	553.684647491422	237.607912410901	123.29579510786	121.84034252593	1710.25094521285
mir-54	899707.0810162	622.872975376418	238.034173084662	187.869428631185	591.833842539617	372.151435128953	770.377131627212	690.73733202782	582.03958476636	483.660386818873	262.0062986037	392.355984613144	334.209943461886	289.242599527058	417.026569432558	918.732392270801
mir-55	950001.627033985	681.698530519898	1326.21652014954	504.293412491255	2901.48831017726	20531.2488152626	16826.6917899583	4943.50254706656	4119.14992126827	8039.03526245972	810.493609335835	26566.5450218299	7450.4765477767	2226.2039783488	3413.61723741872	74244.3041743757
mir-5546	282.020136753567	36.7680642388045	12.4804583037841	20.6174278228398	31.6853384660504	16.6016510497083	11.0932900300382	11.7464648324197	14.7781675091806	16.4588974893581	19.4046468998788	26.6661729612957	14.5663166940545	12.9400274778759	2.43451147930394	21.3653378205899
mir-56	775881.557802089	539.586783111083	386.526362836188	185.70243524956	720.118707462983	4450.11786730386	3143.7431378726	1151.37437815227	1676.66736724616	1192.37016215448	250.751402941687	4042.16302956172	1136.90403036202	455.684072147678	399.117392604383	18293.7379879597
mir-57	147003.595550449	133.279521500662	57.1191924144903	54.4979771388904	123.350214577183	220.221989872193	188.228222053748	137.571579757786	114.068792441482	81.8202448972098	58.093820044683	277.893148603146	65.5894166839186	52.4920455755872	51.7859792836246	1009.35314399896
mir-58a	2298214.63947592	2917.80235571982	1749.62075510681	1208.38232570717	3340.08882988897	11488.0495611662	2447.52703111202	4833.70054176814	2107.42380346937	1503.29097821837	1733.58867004102	13847.7340166877	1921.73952207591	1180.64613577407	1369.50232543473	32115.6243476265
mir-59	3424.14197799561	2.6753830064401	1.36601763102518	0.997721830322014	3.2918925424246	2.89026639881826	15.9955300643433	2.49367965654392	3.00431736210925	3.63287866898758	1.94118746039058	6.65041563379985	2.80792547770038	1.67264893637475	1.08653313734809	17.4340167268676
mir-60	608315.231377593	507.679147332077	208.035187815635	109.041762393584	493.399263475415	2361.16336155919	502.601934543332	894.47750667948	292.16146757064	332.795022756447	193.707440374137	2337.9204959527	178.473825526155	143.185331555472	275.156585589422	11296.9145890268
mir-61	31238.3280968512	36.7355515570749	16.7755617452441	14.9605540132471	27.736229049091	48.6961825117826	42.1031116962784	46.2025390277681	27.6271199678015	31.3390603817117	17.1927282593713	150.593746819181	32.5398632971511	18.3220076144948	26.9298685458364	275.127099711046
mir-62	543016.750048426	17646.2638495272	19131.7629692979	15462.8826987691	25545.5350152061	31523.5780117927	30556.7909923195	25291.216948294	15836.8911281362	19968.1349745847	17211.8215114894	45132.9772866663	13087.1084118998	13584.0474882418	16310.8972742223	93097.6690171012
mir-63	51251.7595981764	40.5479385715983	14.9941966100326	12.5353473845254	98.8063708903815	636.88136333409	49.3938422388268	145.730313742282	45.6111195107891	26.2476057363278	29.8599433497634	885.697345784937	38.8177052494597	13.2602005738668	37.0324385886904	3117.17779995571
mir-64	143053.741541242	117.844285166504	47.8740291874378	42.4027225213222	437.773725208099	2512.57113579035	132.414124104442	653.818274513707	125.727021637439	83.6478147063852	145.01617069551	4473.05346276641	164.157932711636	47.6035872487693	182.79089510567	9127.45026723635
mir-65	90386.773289721	75.2838694180259	32.6217870548549	31.2047309755272	413.873620235895	1979.65815197845	100.321713959167	635.136857835806	94.6501706050899	55.8946409092878	103.500409151663	3084.19620980856	175.624120650648	35.4303438689136	226.866539143655	6361.02179352254
mir-66	296534.384722301	243.028352735372	98.7612636439895	66.716460132584	325.274468383586	2479.73171883103	239.108698741917	492.143612675309	231.903850996789	154.713292035374	137.82137445469	3401.00102201119	159.617828798283	81.3977955326055	118.166892178157	9454.38104078344
mir-67	221658.077988447	1406.85528899157	1212.71622814443	962.715310994986	1688.15092783437	855.220577740905	907.727444004647	1035.88575165814	501.630976959824	470.346963883857	1103.1339904481	1469.75324898462	518.1386021573	646.997093556176	324.0271045591	825.515290498892
mir-70	2567.47369310821	1.74937806774571	1.08740941610529	0.941950271331755	1.52132487064127	0.830153945990997	2.34138370974391	3.47424321196571	1.53476650008037	1.68256068893098	0.504035990399705	0.787806754058162	0.148387673158925	0.591080411853859	0.854532495101837	1.75404710501415
mir-71	791896.179970032	1020.78970331883	1112.67979825451	813.749493568369	2281.70582196947	14307.3297587368	7395.15740086356	2456.60377021121	1932.9792654688	2340.45448344667	907.58952409983	14600.6635734716	2667.10153760082	1387.37152923554	1099.08133834883	38450.4562292686
mir-72	527108.052422746	919.301481960083	729.665454203341	515.586572761047	2341.67368364985	11461.3751069606	1923.10998817023	3144.5365267041	1283.5106755913	973.922658558428	938.753240847755	19158.098736657	1419.85320824436	507.11359226988	763.966363962996	29967.7893499974
mir-73	153046.684982047	130.95854296476	77.2211645168137	45.43142452838	169.302239395121	558.983889379684	263.777089889673	203.991453402187	146.113778470152	111.311584353762	67.5878920127579	761.611483600725	144.677586500586	54.1857436412355	87.4737640627401	1259.145075151
mir-74	157527.280976726	123.465963217797	190.601423990678	35.8224768866238	89.4596453269261	521.842170720916	461.233522762795	131.4255695239	104.646620061358	77.3456331777795	44.4331858572832	245.275085123994	119.319786776938	48.8868743628523	52.6381962385749	918.280506414134
mir-75	42570.6015892955	22.3436328547053	22.0018393363253	7.99310049486339	25.7998607892613	187.732400911615	65.406174981985	44.2626773436975	22.5881728382353	23.7899341032603	10.3736586736172	139.583068081494	15.69539191044	12.5409048187563	9.97872365191392	934.558923582736
mir-76	36531.6828291895	25.038041198266	8.68929042912895	83.827385224689	19.5394004878028	1123.84840471884	43.3820347975871	31.1919583241273	46.6656414222135	45.6409325133263	332.711803093726	1692.85536445702	22.6129906595188	12.4834174844297	9.65258447535973	4418.23390453222
mir-78	408.174560723776	391.576092261947	349.210119945352	451.125012114775	441.144091972883	453.043203630804	396.815911308804	340.177746992143	575.763794166219	443.852048154229	435.720466410783	395.283244457581	513.346672393269	387.183239711881	406.808232070452	389.415848477106
mir-785	1160.87590161088	0.748925664441872	0.525702361262054	0.0458588152710399	0.268042220816639	15.49123634507	3.38290418068589	1.15939878092877	0.735162555764686	0.513196048309669	0.60179719997467	7.82806872619317	0.379987725350619	0.642348084078653	0.467740441620172	25.5071508654175
mir-786	245.109815684321	0.108388489567372	0.0884848705675565	0.0556128772522113	0.205473674922854	0.524288071732622	3.84169009758195	0.144091470851383	0.0528319954474624	0.168093103859073	0.01537476401004	0.166520958613017	0.137219619356887	0.0980704697531456	0.133431507214127	1.62755747013864
mir-787	3328.01409588261	3.15672687076036	1.57941237479812	1.51635136429418	5.380071775243	23.5953363920997	7.51642826016472	12.1594511121929	2.37018070771028	2.86659145545269	1.90769959259461	31.5316328000198	5.08934185357098	1.42679472738972	6.43921610536614	79.5257460349258
mir-788	10001.1645565329	6.79654636322239	2.35987335663721	2.25619256327988	5.45803557700836	2.85626282258806	7.81194286472076	8.07816507579918	5.91348823173345	4.71403397311277	2.66836865166852	3.16097567062728	2.99078469999288	3.31403638811582	3.45898501518196	3.39302683926885
mir-789-1	1658.04689426192	1419.58972500026	1319.22127930988	1177.55247817881	1541.06719792245	1134.19966582608	1171.37853710459	1337.2859717444	1178.57958904798	1154.62835994621	1120.66556962839	1437.79626482226	1121.93095024056	1135.90212794431	1145.11258298717	1539.52158511944
mir-789-2	1658.69690273193	1419.6653100631	1319.71590942321	1177.25581703378	1541.40501620041	1134.13296705207	1170.97880432289	1335.75837988036	1178.24096754119	1155.09481479614	1120.4372472964	1437.86942859156	1121.61717424068	1136.93067085827	1146.34676963008	1539.89543917476
mir-79	1062321.05775638	5864.22582263134	5765.60913759384	2937.44757310182	5824.45680683887	4657.57081161808	3325.19036991769	3770.12808173354	1650.1929257574	1490.07587123778	2959.25414556221	4208.1100695028	2183.82502581193	2154.2469772739	1026.62236503418	4008.36207253328
mir-790	9336.81454169205	14.2930888178427	268.017961815976	9.5860534346964	25.9588924664213	753.275744987727	1109.75484100962	15.553533945852	10.0292951720475	10.743925745311	13.1264312648807	211.979884408494	88.4324303277209	10.0123350866054	13.3199663450721	1555.52713882352
mir-791	426.813374522701	0.72979258321316	21.2880975025177	0.612089567422195	1.02512584184639	44.8365769615713	49.9076883923627	0.697816318251384	0.278547751889529	0.385264945467297	0.958674556567221	4.63363106510384	13.6993937823128	0.359274166901391	0.617501987398467	114.454868078532
mir-792	10518.6075737318	7.78655124366142	30.2719149909236	2.27044148883546	4.83338042826245	189.131512832363	541.66414886776	9.96421717688715	7.56092565591322	6.9917158311929	5.08486491523515	25.3742723874916	20.6226783321809	3.95559609307142	7.80279401567812	742.81269416355
mir-793	11334.3380638056	152.775096411772	558.724295282132	113.910166788192	159.719511359474	3324.37685686301	5770.03655885044	96.5014363517155	37.3087066782588	26.7103405811038	112.709974018607	425.633251003524	976.317793073361	144.581420305189	67.1442898024069	5691.81755724993
mir-794	240.361474855663	0.260623395191995	1.3146937737607	0.0418026048412282	0.158565129200285	7.38199461063842	14.1495270736443	0.213958248467624	0.262970968255389	0.427273530580777	0.255126616588985	1.02172515502732	1.25373396954345	0.218561025666976	0.581488423581213	15.7989938667605
mir-796	625.338263094245	0.664464796005143	0.505711009642682	0.273102348869485	0.170492280062638	0.65755354417905	3.0338551192905	0.487454936993725	0.412937346562638	1.3454815557938	0.284545841279637	9.72464271085142	0.605390556152698	1.43571463882681	0.46384874040961	10.8828873558326
mir-797	373.847878597684	0.498272361389759	0.171388101958374	0.069067093775623	0.113086598285312	1.28885606827468	2.47171508888777	0.176319375001461	0.200759013589288	0.703324018785301	0.0815233725982909	0.451482079040507	0.872836791794756	0.0776547090143527	0.336247386513197	3.59885155836858
mir-798	192.928639424532	199.570001137227	176.82928521529	156.390231306566	170.090655833953	179.463617364728	173.524351296473	179.848557111334	140.436264322024	179.295493510089	185.849519669992	190.92125568206	155.4146855901	167.579745217198	170.178185394933	175.402685159811
mir-80	356876.064523248	251.279686698171	82.931333400816	61.6977209880239	187.439140227108	75.5244484576837	271.081036840759	281.763610161682	244.65366484403	167.18083539349	91.2980243656821	89.2148921431691	112.43809615127	100.721506571076	104.19140984313	190.634695796944
mir-81	194736.092330017	185.195121664523	94.9717847079079	69.9682032009384	155.557600085838	113.784499864891	180.357310385126	186.108444058899	175.849302829861	131.146873729123	79.9407658438939	174.508867285309	102.77908206344	94.0581437167107	66.632784962102	485.183115589894
mir-8191	209.472474853398	0.289727624268326	0.322137488976464	0.0854699325792697	0.225268172934969	0.0295836475006928	0.208247645496526	0.510000119347197	0.209016897110484	0.297552713392872	0.261430227155445	0.121971854579954	0.0447464358732077	0.0595258496626854	0.156682183830293	0.22015234278954
mir-8196a	1359.38610387592	59.3641549860397	30.3208144728375	42.5554269497194	56.9510228341998	64.6305299996943	39.0539803563668	47.4872350617634	44.0505919578105	34.3746375148698	41.1602595516788	95.6213562623681	49.6204274884867	33.0341045612669	29.3587079971012	101.451684647415
mir-8196b	203.864332078224	0.534775029387736	0.143588054512976	0.131772935603258	0.589374753522796	0.533285526286263	0.186181586956341	0.120282739728118	0.401712892637736	0.447236228392887	0.402436391167709	0.898416155115746	0.288470037501496	0.155915923390907	0.469528134117867	0.945640327759494
mir-82	190044.677850804	165.774246577728	71.0401078589023	52.7181283308081	130.184745210681	89.3492747196098	156.188356856741	169.788442053598	175.557657070757	116.322747822692	73.2762772325219	116.283829442392	80.7632700600394	71.6151275445341	65.0587297944842	146.971468152973
mir-83	131605.532143988	102.643416921097	237.683199921147	51.9030929971609	371.790681815695	3214.4208445762	2286.57300969237	651.481774106887	97.1569944793126	162.30368719605	134.432825787418	3425.06671109032	343.748140111199	69.2636198052357	141.812925422835	8523.16610010112
mir-84	5139.86705645585	14.1989633681247	29.1119198438184	7.1775225423773	13.9053828205812	124.425347942462	102.234746068627	10.6940578474373	21.6443078009409	18.503506668247	6.28652891434842	18.2948623469803	27.7359410475326	5.41014625452092	3.44062538110184	210.85029325025
mir-86	419080.450296705	414.820562133491	358.728993971162	140.422615343258	292.18373665863	1786.08305961118	3496.52666160911	492.394797284989	597.769826553421	519.291556726123	126.825683404234	1542.43719975834	733.017800033453	275.209459648353	245.781859420635	6422.60209625541
mir-87	205898.012741205	224.201140459175	158.764959836575	103.05315070604	297.138754880878	927.283340415713	678.511932462725	343.072259913344	713.614345653142	498.112272560984	127.575943777231	1145.79737575541	279.094027842229	176.759153002113	121.676248279545	2627.73269936432
mir-90	167262.330266324	116.843876163659	54.0663544338235	75.0691942480819	630.067882540561	1518.09490516998	854.591618423229	905.722710604015	858.702633156699	621.19939594167	88.5908452226717	5035.62889691378	498.609221223339	284.122626200442	628.907102999843	9052.94690749908
